1 1
1 1
0 1
0 1
0 1
0 1
0 1
0 1
0 1
0 1
0 1
1 1
1 1
1 1
1 1
1 1
3 4
0 4
3 16
1 16
1 16
1 16
1 16
1 16
0 16
1 16
1 16
1 16
1 16
1 16
3 64
0 64
1 64
1 64
1 64
3 256
1 256
0 256
0 256
16 6204416
16 150370226176
1 150370226176
3 601480904704
3 2405923618816
1 2405923618816
1 2405923618816
0 2405923618816
0 2405923618816
1 2405923618816
1 2405923618816
1 2405923618816
1 2405923618816
1 2405923618816
0 2405923618816
0 2405923618816
3 9623694475264
1 9623694475264
1 9623694475264
1 9623694475264
1 9623694475264
0 9623694475264
0 9623694475264
1 9623694475264
0 9623694475264
0 9623694475264
1 9623694475264
1 9623694475264
1 9623694475264
1 9623694475264
0 9623694475264
0 9623694475264
3 38494777901056
3 153979111604224
1 153979111604224
1 153979111604224
0 153979111604224
153979111604224
